      800    55734      557        0          0          293        0
      800    233        0          0          233        0          212
      800    148        1416       0          705        391        897
      800    519        184        0          0          0          0
      800    0          0          0          0          0          0
      800    129        142        4          0          4          0
      800    0
      300    141        141        0          0          112        0
      300    223        0          0          223        0          166
      300    142        1161       0          525        561        563
      300    597        309        0          0          0          0
      300    0          0          0          0          0          0
      300    66         36         0          0          1          0
      300    0
      980    43         43         1          1          23         0
      980    37         0          0          37         0          36
      980    32         441        0          236        177        255
      980    186        150        0          0          1          1
      980    0          0          0          0          0          0
      980    9          15         0          0          0          0
      980    0
        USAGE   SEIZE   ANS     TERM    OUT     SYSTERM
        2475    1312    469     2286    498     0
   
        BEHAV   EXFLT   ERROR   ADMIN   EXRES
        582     3       0       0       0
   
   INCOMING
   
        USAGE   SEIZE   ANS     TERM    OUT     SYSTERM
        1725    765     432     764     1       0
   
        BEHAV   EXFLT   ERROR   ADMIN   EXRES
        0       0       7       0       8
