      200    231        231        89         64         157        0
      200    363        0          0          365        0          149
      200    130        1566       0          741        711        797
      200    769        309        0          0          89         89
      200    0          0          0          0          0          0
      200    248        38         0          0          1          0
      200    0
      803    0          0          0          0          0          0
      803    18         0          0          18         0          17
      803    17         19         0          0          16         0
      803    19         30         0          0          0          0
      803    0          0          0          0          0          0
      803    0          0          0          0          0          0
      803    0
      800    7163       6972       2865       1871       3129       6
      800    1410       0          0          1404       0          1259
      800    968        12622      2          7716       2550       9511
      800    3108       588        0          0          2864       2864
      800    7          6          0          0          0          0
      800    2368       1049       2          3          149        1
      800    0
